177
178
179
180
181
182
183
184
185
186
187
188
189
190
191
192
193
194
195
196
197
198
199
200
201
202
203
204
205
206
207
208
209
210
211
212
213
214
215
216
217
218
219
220
221
222
223
224
225
226
227
228
237
238
239
240
241
242
243
244
246
255
256
257
258
259
260
261
262
263
264
265
266
267
268
269
270
271
272
273
274
275
276
277
278
279
280
281
282
411
412
421
422
423
424
425
426
427
428
429
430
431
432
433
434
435
436
437
438
439
440
441
442
443
444
445
465
466
467
468
469
470
471
472
473
474
475
476
480
489
490
491
492
493
494
495
496
497
498
507
508
509
510
511
512
513
514
523
524
525
526
527
528
529
530
531
532
533
534
535
536
537
538
539
540
541
542
543
544
545
546
547
548
549
550
551
552
553
554
555
556
557
558
559
560
561
562
563
564
565
566
567
568
569
570
571
572
573
574
575
576
577
578
579
580
581
582
583
584
585
586
587
588
589
590
591
592
593
594
595
596
597
598
599
600
601
602
603
604
605
606
607
608
609
610
611
612
613
615
1141
1142
1143
1144
1145
1146
1147
1148
1149
1150
1151
1153
1154
1155
1156
1157
1158
1159
1160
1161
1162
1163
1164
1165
1166
1167
1168
1169
1170
1171
1172
1173
1175
1176
1177
1178
1179
1180
1181
1182
1183
1184
1185
1187
1188
1189
1190
1191
1192
1193
1194
1196
1197
1198
1199
1200
1201
1202
1203
1205
1206
1207
1208
1209
1210
1212
1213
1214
1215
1216
1217
1218
1219
1220
1221
1222
1223
1224
1225
1227
1228
1229
1230
1231
1232
1233
1234
1235
1236
1238
1239
1240
1241
1242
1243
1245
1246
1247
1248
1249
1250
1251
1253
1254
1255
1256
1257
1258
1259
1260
1261
1262
1264
1265
1266
1267
1268
1269
1270
1271
1272
1273
1274
1275
1276
1277
1278
1279
1281
1282
1283
1284
1285
1286
1287
1289
1290
1291
1292
1293
1294
1295
1296
1297
1299
1300
1301
1302
1303
1304
1305
1306
1307
1308
1309
1310
1312
1313
1314
1315
1316
1317
1318
1319
1320
1321
1322
1324
1325
1326
1327
1328
1329
1330
1331
1332
1334
1335
1336
1337
1338
1339
1340
1341
1342
1343
1344
1345
1347
1348
1349
1350
1351
1352
1353
1354
1356
1357
1358
1359
1360