167
168
169
170
171
172
173
174
175
176
177
178
179
180
181
182
183
184
185
186
187
188
189
190
191
192
193
194
195
196
197
198
199
200
201
202
203
204
205
206
736
737
738
739
740
741
742
743
744
745
746
747
748
749
750
752
753
754
755
756
757
758
759
760
761
762
764
765
766
767
768
769
770
771
773
774
775
776
777
778
780
781
782
783
784
785
786
787
788
789
790
791
793
794
795
796
797
798
799
801
802
803
804
805
806
808
809
810
811
812
813
814
815
816
817
819
820
821
822
823
824
825
826
827
828
829
830
831
832
833
834
835
836
837
838
839
840
841
843
844
845
846
847
848
849
850
851
852
853
854
856
857
858
859
860
861
862