158
159
160
161
162
163
164
165
166
167
168
169
170
171
172
173
174
175
176
177
178
179
180
189
190
191
192
193
194
195
196
197
198
199
200
201
202
203
204
205
206
207
208
209
210
211
212
213
214
215
216
217
218
219
220
221
222
223
224
225
226
227
228
229
230
231
232
233
234
235
236
237
238
239
240
241
242
243
244
245
246
247
248
249
321
322
329
330
331
332
333
334
335
336
337
338
339
340
341
350
365
491
492
501
502
503
504
505
506
507
508
509
510
511
512
513
514
515
516
517
518
519
520
521
522
523
524
525
526
527
528
529
530
531
532
533
630
631
632
633
634
635
636
637
638
639
640
641
642
643
644
645
646
647
648
649
650
651
652
653
654
655
692
693
702
703
704
705
706
707
708
709
710
711
720
721
722
723
724
725
726
727
728
729
730
731
732
763
764
765
766
767
768
769
770
771
772
773
782
783
784
785
786
787
788
789
790
791
792
793
794
795
796
797
798
799
800
801
802
803
804
805
806
807
808
809
810
811
812
813
814
815
816
817
818
819
820
821
831
832
841
842
843
844
845
846
847
848
849
850
851
860
861
862
863
864
865
866
867
868
877
878
879
880
881
882
883
884
885
886
887
888
889
890
891
892
893
894
895
954
955
962
963
964
965
966
967
968
969
970
971
972
974
975
976
977
978
979
980
981
982
984
985
986
987
988
989
990
991
992
993
995
996
997
998
999
1000
1001
1002
1003
1005
1006
1007
1008
1009
1010
1011
1012
1013
1014
1015
1016
1017
1018
1019
1020
1022
1023
1024
1025
1026
1027
1028
1029
1030
1031
1032
1033
1034
1035
1036
1037
1038
1040
1041
1042
1043
1044
1045
1046
1047
1048
1049
1051
1052
1053
1054
1055
1056
1057
1058
1059
1060
1061
1062
1063
1064
1065
1066
1068
1069
1070
1071
1072
1073
1074
1075
1076
1078
1079
1080
1081
1082
1083
1084
1085
1086
1087
1088
1089
1090
1092
1093
1094
1095
1096
1097