150
151
152
153
154
155
164
165
166
167
168
169
170
171
172
173
174
175
176
177
178
229
230
231
232
236
237
238
239
240
241
281
288
289
290
828
829
830
831
832
833
834
835
836
837
838
839
841
842
843
844
845
846
847
849
850
851
852
853
854
855
856
857
859
860
861
862
863
864
865
866
867
868
869
870
871
872
873
874
875
877
878
879
880
881
882
883
884
885
886
887
888
889
890
892
893
894
895
896
897
898
899
900
901
902
904
905
906
907
908
909
910
911
912
913
915
916
917
918
919
920
921
922
923
924
925
926
928
929
930
931
932
933
934
935
936
937
939
940
941
942
943
944
945
946
947
948