173
174
175
176
177
178
179
180
181
182
224
225
796
797
798
799
800
801
802
803
804
805
806
807
808
809
810
812
813
814
815
816
817
818
819
820
821
822
824
825
826
827
828
829
830
831
832
834
835
836
837
838
839
840
841
842
843
845
846
847
848
849
850
851
852
853
855
856
857
858
859
860
861
862
863
864
866
867
868
869
870
871
872
873
874
875
877
878
879
880
881
882
883
884
885
887
888
889
890
891
892
893
894
895
896
897
898
899
900
901
902
903
904
905
906
907
908
909
910
911
912
914
915
916
917
918
919
920
921
922
923
924
925
926
928
929
930
931
932
933
934
935
936
937
938
939
940
941
943
944
945
946
947
948
949
951
952
953
954
955
957
958
959
960
961
962
963
965
966
967
968
969
970
971
972
973
974
975
977
978
979
980
981
982
983
984
985
987
988
989
990
991
992
993
994
995
996
997
998
1000
1001
1002
1003
1004
1005
1006
1007
1009
1010
1011
1012
1013
1014
1016
1017
1018
1019
1020
1021
1022
1023
1024
1025
1027
1028
1029
1030
1031
1032
1033
1034
1035
1036
1038
1039
1040
1041
1042
1043
1044
1046
1047
1048
1049
1050
1052
1053
1054
1055
1056
1057
1058
1059
1060
1062
1063
1064
1065
1066
1067
1068
1069
1070
1071
1072
1073
1074
1075
1076
1077
1078
1079
1081
1082
1083
1084
1085
1086
1087