152
153
154
155
156
157
158
159
160
161
162
163
164
165
166
167
168
169
170
171
172
173
174
175
176
177
178
179
180
181
182
183
184
185
186
187
188
189
190
191
192
193
194
195
196
197
198
199
200
201
202
203
204
205
206
207
208
209
210
211
212
213
217
218
219
220
221
302
303
312
313
314
315
316
317
318
319
320
321
322
323
324
325
326
327
328
329
330
331
332
333
334
335
336
337
338
339
340
341
342
343
344
345
346
347
348
349
350
351
352
353
354
355
356
357
358
359
360
361
387
388
403
412
413
414
415
416
417
418
419
420
421
422
423
424
425
426
427
436
437
438
439
440
441
442
443
444
445
446
447
448
449
450
451
452
453
454
455
456
457
458
459
460
461
462
463
464
465
466
467
468
722
723
724
725
726
727
728
729
730
731
732
733
734
735
736
737
738
739
740
741
742
743
744
745
746
747
748
749
750
751
752
753
754
755
756
757
758
759
760
761
762
763
764
765
766
767
768
769
770
771
772
773
774
775
776
777
778
779
968
977
978
979
980
981
990
991
1233
1234
1235
1236
1237
1238
1239
1240
1241
1242
1243
1244
1245
1246
1247
1248
1249
1250
1251
1252
1253
1254
1255
1256
1257
1258
1260
1261
1262
1263
1264
1265
1266
1267
1268
1270
1271
1272
1273
1274
1275
1276
1277
1278
1279
1280
1282
1283
1284
1285
1286
1287
1288
1289
1290
1291
1292
1293
1294
1295
1296
1297
1299
1300
1301
1302
1303
1304
1305
1306
1307
1308
1310
1311
1312
1313
1314
1315
1316
1317
1319
1320
1321
1322
1323
1324
1325
1327
1328
1329
1330
1331
1332
1333
1335
1336
1337
1338
1339
1340
1341
1342