157
158
159
160
161
162
163
164
165
166
167
168
169
170
171
172
173
174
175
176
177
178
179
180
181
182
183
184
185
186
187
188
189
190
191
192
202
203
289
290
291
292
293
294
295
296
305
306
307
308
309
310
311
312
313
314
315
316
317
318
319
320
321
322
323
324
325
326
327
328
329
330
331
332
333
334
335
336
337
338
339
340
341
342
343
344
345
346
347
348
349
350
351
352
353
354
355
356
357
358
359
360
361
362
363
364
365
366
367
368
369
370
371
372
373
374
375
376
385
386
581
582
612
613
614
623
624
625
626
627
628
629
630
631
632
633
634
635
636
637
638
639
640
641
642
643
644
645
646
647
648
649
650
651
652
653
654
655
885
1025
1026
1027
1028
1029
1030
1031
1032
1033
1034
1035
1036
1037
1038
1356
1357
1358
1359
1360
1361
1362
1363
1364
1365
1366
1368
1369
1370
1371
1372
1373
1374
1375
1376
1377
1378
1379
1380
1381
1382
1383
1384
1385
1386
1388
1389
1390
1391
1392
1393
1394
1395
1396
1397
1398
1399
1400
1402
1403
1404
1405
1406
1407
1408
1409
1410
1411
1412
1414
1415
1416
1417
1418
1419
1420
1421
1422
1423
1424
1426
1427
1428
1429
1430
1431
1432
1433
1434
1435
1436
1437
1438
1440
1441
1442
1443
1444
1445
1446
1447
1449
1450
1451
1452
1453
1454
1455
1456
1457
1458
1460
1461
1462
1463
1464
1465
1466
1467
1468
1469
1470
1471
1473
1474
1475
1476
1477
1478
1479
1481
1482
1483
1484
1485
1486
1487
1488
1490
1491
1492
1493
1494
1495
1496
1497