160
161
162
163
164
165
166
167
168
169
170
171
172
173
174
175
176
177
178
179
180
181
182
183
184
189
190
191
192
193
337
346
347
348
349
350
351
352
353
354
355
364
365
366
367
368
369
370
371
376
377
386
387
388
389
390
391
392
393
394
395
396
397
398
399
400
401
402
403
404
405
406
407
408
409
410
411
412
413
414
415
416
417
418
419
420
421
422
423
424
425
426
427
428
432
433
818
819
820
821
822
823
824
825
826
827
828
829
830
831
832
833
834
835
836
837
838
839
841
842
843
844
845
846
847
848
849
850
851
852
853
854
855
857
858
859
860
861
862
864
865
866
867
868
869
870
871
872
873
874
875
876
877
879
880
881
882
883
884
885
886
887
888
889
890
892
893
894
895
896
897
898
900
901
902
903
904
905
907
908
909
910
911
913
914
915
916
917
918
919
920
921
922
923
924
926
927
928
929
930
931
932
934
935
936
937
938
939
940
942
943
944
945
946
947
949
950
951
952
953
954
955
956
957
958
959
961
962
963
964
965
966
968
969
970
971
972
973
974
976
977
978
979