138
139
140
141
142
143
144
145
146
147
148
149
150
151
152
153
154
155
156
157
158
159
160
161
162
163
164
165
166
167
168
169
170
171
172
173
174
175
176
177
178
179
180
181
182
935
936
937
938
939
940
941
942
943
944
945
946
948
949
950
951
952
953
954
955
957
958
959
960
961
962
963
964
965
966
967
968
969
970
972
973
974
975
976
978
979
980
981
982
983
984
985
986
988
989
990
991
992
993
994
996
997
998
999
1000
1001
1003
1004
1005
1006
1007
1008
1009
1010
1011
1012
1013
1014
1015
1016
1017
1018
1019
1021
1022
1023
1024
1025
1026
1027
1028
1029
1030
1031
1033
1034
1035
1036
1037
1038
1039
1040
1041
1042
1043
1044