213
214
215
216
217
218
219
220
221
222
223
224
225
226
227
228
229
230
231
232
233
234
235
236
381
382
383
384
385
386
387
388
389
390
391
392
393
394
395
396
397
398
399
400
401
402
403
404
405
406
407
408
409
410
411
412
413
414
415
416
417
418
419
420
421
422
423
424
447
448
449
450
451
452
453
454
455
456
464
465
466
478
479
480
489
490
491
492
493
494
495
496
497
498
499
500
501
502
503
504
505
506
507
508
509
510
511
512
513
514
515
516
517
518
519
520
521
522
523
524
525
526
527
528
529
530
531
532
533
534
535
544
545
546
547
548
549
550
551
552
553
554
563
564
565
566
567
568
569
570
571
572
573
574
575
576
577
578
579
580
581
582
583
584
585
586
587
588
589
590
591
592
593
594
595
596
597
598
599
600
601
602
603
604
605
606
607
608
609
610
611
612
800
809
810
811
812
813
814
815
816
817
818
819
820
821
822
823
824
825
826
827
828
829
904
905
906
907
908
909
910
911
912
913
914
915
916
917
918
919
920
921
922
923
924
925
926
927
928
929
930
931
938
939
1006
1007
1008
1009
1010
1011
1012
1013
1014
1015
1016
1017
1018
1019
1138
1680
1681
1682
1683
1684
1685
1686
1687
1688
1689
1690
1691
1692
1693
1694
1695
1696
1697
1698
1699
1700
1701
1702
1703
1704
1705
1757
1766
1767
1768
1769
1770
1771
1772
1773
1774
1775
1776
1777
1778
1804
1805
1806
1807
1808
1809
1810
1811
1812
1813
1814
1815
1816
1817
1818
1819
1820
1821
1822
1823
1825
1826
1827
1828
1829
1830
1831
1832
1833
1834
1835
1836
1837
1838
1840
1841
1842
1843
1844
1845
1847
1848
1849
1850
1851
1852
1854
1855
1856
1857
1858
1859
1860
1861
1862
1863
1864
1865
1866
1867
1868
1869
1871
1872
1873
1874
1875
1876
1877
1878
1880
1881
1882
1883
1884
1885
1886
1888
1889
1890
1891
1892
1893
1894
1896
1897
1898
1899
1900
1902
1903
1904
1905
1906
1908
1909
1910
1911
1912
1913
1914
1915
1916
1917
1919
1920
1921
1922
1923
1924
1925
1926
1927
1928
1929
1930
1931
1932
1933
1934
1935
1936
1937
1938
1940
1941
1942
1943
1944
1945
1946
1948
1949
1950
1951
1952
1954
1955
1956
1957
1958
1959
1960
1961
1962
1964
1965
1966
1967
1968
1969
1970
1971
1972
1973
1974
1975
1976
1977
1979
1980
1981
1982
1983
1984
1985
1986
1987
1988
1989
1990
1991
1992
1994
1995
1996
1997
1998
1999
2000
2001
2003
2004
2005
2006
2007
2008
2009
2010
2012
2013
2014
2015
2016
2017
2018
2019
2021
2022
2023
2024
2025
2026
2027
2028
2029
2030
2031
2032
2033
2034
2035
2036
2037
2038
2039
2040
2041
2042
2043
2044
2045
2046
2048
2049
2050
2051
2052
2053
2054
2055
2056
2057
2058
2059
2060
2061
2062
2063
2064
2065
2067
2068
2069
2070
2071
2072
2073
2074
2076
2077
2078
2079
2080
2081
2082
2083
2084
2086
2087
2088
2089
2090
2091
2092
2093
2094
2096
2097
2098
2099
2100
2101