163
164
165
166
167
168
169
170
171
180
181
182
191
192
193
194
195
196
197
198
199
200
201
202
203
204
205
206
207
208
209
210
211
212
213
214
215
216
217
218
219
220
221
222
232
233
234
235
236
237
238
239
240
241
242
243
244
245
246
247
248
249
250
251
252
253
254
255
256
257
258
259
260
261
262
263
264
265
266
267
277
281
282
283
284
285
286
287
288
289
290
291
292
293
294
296
297
298
299
300
301
302
303
304
305
306
307
308
309
310
311
312
313
314
315
316
317
318
319
320
339
354
379
388
389
390
391
392
393
395
404
405
406
415
416
417
418
419
420
421
422
423
424
425
426
427
428
429
430
431
432
433
434
435
436
437
438
439
440
441
442
443
444
445
446
447
448
449
450
451
452
453
454
455
456
457
458
459
460
461
462
463
464
468
476
477
478
479
488
489
490
491
492
493
494
495
496
497
498
499
500
501
502
581
582
591
592
593
594
595
596
597
598
599
600
601
602
642
651
652
653
654
655
656
657
658
659
660
661
662
663
664
665
666
667
668
669
670
703
704
705
706
707
708
709
710
711
712
713
714
715
716
717
718
720
721
722
723
724
725
726
727
728
729
730
731
732
733
735
736
737
738
739
740
741
742
744
745
746
747
748
749
750
751
752
753
754
755
756
757
758
759
760
761
762
764
765
766
767
768
769
770
771
772
773
774
776
777
778
779
780
781
782
784
785
786
787
788
789
790
791
792
793
794
795
796
798
799
800
801
802
804
805
806
807
808
809
811
812
813
814
815
816
817
819
820
821
822
823
824
825
826
827
829
830
831
832
833
834
835
836
837
839
840
841
842
843
844
845
846
847
848
849
850
851
852
853
854
855
856
857
858
859
860
861
862
863
864
865
867
868
869
870
871
872
873
874
876
877
878
879
880
881
882
883
884
886
887
888
889
890
891
892
893
894
895