148
149
150
151
152
153
154
155
156
157
158
159
160
161
162
163
164
165
166
167
168
169
170
171
183
184
185
186
187
188
189
190
191
192
193
194
195
196
205
206
207
208
209
210
211
212
213
214
215
216
217
218
227
228
229
230
231
232
233
234
235
236
237
238
239
240
241
242
243
244
245
246
247
248
249
250
251
252
253
254
255
256
257
258
259
260
261
262
263
264
265
266
267
268
269
270
271
272
273
274
275
276
277
278
279
280
281
282
283
284
285
286
287
288
289
290
291
321
322
323
324
325
326
327
328
329
330
331
332
333
334
335
336
337
338
339
340
341
342
343
344
345
346
347
348
349
350
351
420
719
720
721
722
731
732
733
734
735
736
737
738
739
740
741
744
753
754
755
756
757
758
759
760
761
762
788
789
790
791
792
793
802
803
804
805
806
807
808
809
810
811
812
813
814
815
816
817
818
819
820
821
822
823
824
825
919
1015
1016
1025
1026
1027
1028
1140
1141
1142
1143
1144
1145
1146
1147
1148
1149
1150
1151
1152
1153
1154
1155
1156
1157
1158
1159
1160
1161
1162
1164
1165
1166
1167
1168
1169
1171
1172
1173
1174
1175
1176
1177
1178
1179
1180
1181
1182
1183
1184
1186
1187
1188
1189
1190
1191
1192
1193
1194
1195
1196
1198
1199
1200
1201
1202
1203
1204
1205
1206
1207
1208
1209
1210
1211
1212
1213
1214
1216
1217
1218
1219
1220
1221
1222
1223
1224
1225
1226
1227
1228
1229
1231
1232
1233
1234
1235
1236
1238
1239
1240
1241
1242
1243
1245
1246
1247
1248
1249
1250
1251
1252
1253
1255
1256
1257
1258
1259
1260
1261
1262
1263
1264
1265
1266
1267
1268
1269