228
229
230
231
232
233
234
235
236
237
246
247
248
249
250
259
260
261
262
263
264
265
266
267
268
269
270
271
272
273
274
275
276
277
278
279
280
281
282
283
284
285
286
287
288
289
290
291
292
293
294
295
343
344
1468
1469
1470
1471
1472
1473
1474
1475
1476
1477
1478
1479
1481
1482
1483
1484
1485
1486
1487
1488
1489
1490
1491
1492
1493
1494
1496
1497
1498
1499
1500
1501
1502
1503
1504
1505
1507
1508
1509
1510
1511
1512
1513
1514
1515
1516
1517
1518
1519
1521
1522
1523
1524
1525
1526
1527
1528
1529
1531
1532
1533
1534
1535
1536
1537
1538
1539
1541
1542
1543
1544
1545
1546
1547
1548
1549
1550
1551
1552
1553
1554
1556
1557
1558
1559
1560
1561
1562
1563
1564
1565
1566
1567
1568
1569
1570
1571
1572
1573
1574
1575
1576
1577
1578
1579
1581
1582
1583
1584
1585
1586
1587
1588
1589
1590
1592
1593
1594
1595
1596
1597
1598
1599
1600
1601
1602
1603
1604
1605
1606
1607
1608
1610
1611
1612
1613
1614
1615
1616
1617
1618
1620
1621
1622
1623
1624
1625
1626
1628
1629
1630
1631
1632
1633
1634
1636
1637
1638
1639
1640
1641
1642
1643
1644
1645
1646