163
164
165
166
167
168
169
170
171
172
173
174
175
176
177
178
179
180
181
182
183
184
185
186
244
245
246
247
248
249
250
251
252
253
254
255
256
257
307
316
317
318
319
320
321
322
323
324
325
326
327
328
329
330
331
332
333
334
335
336
337
338
339
340
341
342
343
344
345
346
347
348
349
409
410
427
428
429
438
439
440
441
442
443
444
445
446
447
448
449
450
451
452
453
454
455
456
457
458
459
460
535
536
537
538
539
540
541
542
543
544
545
546
547
1218
1219
1220
1221
1222
1223
1224
1225
1226
1227
1228
1229
1230
1231
1232
1233
1234
1235
1237
1238
1239
1240
1241
1242
1243
1244
1245
1246
1248
1249
1250
1251
1252
1253
1254
1255
1256
1257
1258
1259
1260
1261
1262
1263
1264
1265
1266
1267
1268
1269
1270
1271
1272
1273
1275
1276
1277
1278
1279
1280
1281
1282
1284
1285
1286
1287
1288
1289
1290
1291
1292
1293
1294
1295
1296
1297
1298
1299
1301
1302
1303
1304
1305
1306
1307
1308
1309
1311
1312
1313
1314
1315
1316
1318
1319
1320
1321
1322
1323
1325
1326
1327
1328
1329
1330
1331
1332
1333
1334
1335
1336
1337
1338
1339
1340