232
233
234
235
236
237
238
239
240
241
242
243
244
245
246
247
256
257
258
259
260
261
262
263
264
273
274
275
276
277
278
279
288
289
290
291
292
293
294
295
296
297
298
299
300
301
302
303
304
312
692
693
694
695
696
697
698
699
700
701
702
703
704
705
707
708
709
710
711
712
713
715
716
717
718
719
720
721
722
723
724
725
726
727
728
730
731
732
733
734
735
736
737
738
739
740
742
743
744
745
746
747
748
749
750
752
753
754
755
756
757
758
759
760
761
762
764
765
766
767
768
769
770
771
772
773
774
775
776
777
778
779
780
781
782
783
785
786
787
788
789
790
791
792
793
794
795
796
797
798
799
800
802
803
804
805
806
807
809
810
811
812
813
814
815
816
817
818
819
821
822
823
824
825
826
827
828
829
830
831
832
833
834
835
836
837
838
840
841
842
843
844
845
846
847
848
849
850
851
852
854
855
856
857
858
859
860
861
862
863
864
865
866
867
868
869
871
872
873
874
875
876
877
878
879
880
881
882
883
884
885
887
888
889
890
891
892
893
894
895
896
897
898
899
900
901
902
903
904
905
906
907
908
909
910
911
912
914
915
916
917
918
919
920
921
922
923
925
926
927
928
929
930
931
932
933
935
936
937
938
939
940
941
942
944
945
946
947
948
949
950
951
952
953
954
955
956
957
958
959
960
961
962
963
965
966
967
968
969
970
971
973
974
975
976
977
978
979
980
981
982
983
984
985
986
987
988
989
990
991
992
993
994
996
997
998
999