280
281
282
283
284
285
286
287
288
289
290
291
292
293
294
295
296
297
298
299
300
301
302
303
304
305
306
307
308
309
310
311
312
313
314
315
316
317
318
319
320
321
322
323
324
325
326
327
328
329
330
331
332
333
334
335
336
337
338
339
340
341
342
343
344
345
346
347
348
349
350
351
352
353
354
355
356
357
358
365
366
367
368
369
396
397
398
399
400
401
402
403
404
405
406
407
408
409
410
411
412
413
414
415
416
417
418
419
420
421
422
423
424
425
426
427
428
429
430
431
432
433
434
435
436
437
438
439
448
449
450
451
452
453
454
455
456
457
458
459
460
461
470
471
472
473
474
475
476
477
478
479
480
481
482
483
484
485
486
487
488
489
490
491
492
493
494
495
497
498
499
500
512
513
514
515
516
517
518
519
520
521
522
523
524
525
526
527
528
529
530
531
532
533
534
535
536
537
538
539
540
568
569
572
1557
1558
1559
1560
1561
1562
1563
1564
1565
1566
1567
1568
1569
1570
1571
1572
1574
1575
1576
1577
1578
1579
1580
1581
1582
1583
1584
1585
1586
1587
1589
1590
1591
1592
1593
1594
1595
1596
1597
1598
1599
1600
1601
1602
1603
1604
1605
1606
1607
1608
1609
1610
1611
1613
1614
1615
1616
1617
1618
1619
1620
1621
1622
1624
1625
1626
1627
1628
1629
1630
1631
1632
1633
1635
1636
1637
1638
1639
1640
1641
1642
1643
1644
1645
1647
1648
1649
1650
1651
1652
1654
1655
1656
1657
1658
1659
1660
1662
1663
1664
1665
1666
1667
1669
1670
1671
1672
1673
1674
1675
1676
1677
1678
1679
1681
1682
1683
1684
1685
1686
1687
1688
1689
1690
1691
1693
1694
1695
1696
1697
1698
1699
1700
1701
1703
1704
1705
1706
1707
1708
1709
1710
1712
1713
1714
1715
1716
1717
1718
1719
1720
1721
1722
1723
1724
1725
1726
1728
1729
1730
1731
1732
1733
1734
1735
1736
1737
1738
1740
1741
1742
1743
1744
1745
1746
1747
1748
1750
1751
1752
1753
1754
1756
1757
1758
1759
1760
1761
1762
1764
1765
1766
1767
1768
1769
1770
1771
1773
1774
1775
1776
1777
1779
1780
1781
1782
1783
1784
1785
1786
1787
1788
1790
1791
1792
1793
1794
1795
1796
1797
1798
1800
1801
1802
1803
1804
1805
1806
1807
1808
1809
1810
1812
1813
1814
1815
1816
1817
1818
1820
1821
1822
1823
1824
1826
1827
1828
1829
1830
1831
1832
1833
1834
1835
1836
1837
1838
1839
1840
1841
1843
1844
1845
1846
1847
1848
1849
1850
1851
1852
1853
1854
1855
1856
1857
1858
1859
1860
1862
1863
1864
1865