144
145
146
147
148
149
150
151
152
153
154
155
156
157
158
159
160
161
162
163
164
165
166
167
168
169
170
171
172
173
174
175
176
177
178
179
180
181
182
183
184
185
186
187
188
189
190
191
192
193
194
195
196
197
198
199
200
201
202
203
204
205
241
242
251
252
253
254
263
264
265
274
275
276
277
278
279
288
289
290
291
292
293
294
295
296
297
298
299
300
301
302
303
304
305
306
307
812
813
814
815
816
817
818
819
820
821
822
823
840
841
1038
1039
1040
1041
1042
1043
1044
1045
1046
1047
1048
1049
1050
1051
1052
1053
1055
1056
1057
1058
1059
1060
1061
1062
1064
1065
1066
1067
1068
1069
1070
1071
1072
1073
1074
1076
1077
1078
1079
1080
1081
1082
1083
1084
1085
1087
1088
1089
1090
1091
1092
1093
1094
1096
1097
1098
1099
1100
1101
1103
1104
1105
1106
1107
1108
1109
1110
1111
1112
1114
1115
1116
1117
1118
1119
1120
1121
1122
1123
1124
1125
1126
1127
1128
1129
1130
1132
1133
1134
1135
1136
1137
1138
1139
1140
1142
1143
1144
1145
1146
1147
1148
1149
1150
1151
1152
1154
1155
1156
1157
1158
1159
1160
1161
1162
1163
1164
1166
1167
1168
1169
1170
1171
1172
1174
1175
1176
1177
1178
1179
1180
1181
1182
1184
1185
1186
1187
1188
1190
1191
1192
1193
1194
1195
1196
1197
1198
1199
1201
1202
1203
1204
1205
1206
1207
1208
1209
1210
1211
1213
1214
1215
1216
1217
1218