152
153
154
155
156
157
158
159
160
161
162
163
164
165
166
167
168
169
170
171
172
173
174
175
176
177
178
179
180
181
182
183
184
185
186
187
188
189
190
191
192
193
194
195
196
197
198
199
200
201
202
203
204
205
206
207
208
209
210
214
215
216
217
218
219
220
221
222
223
224
225
226
231
232
233
234
1053
1054
1055
1056
1057
1058
1059
1060
1061
1062
1063
1064
1065
1066
1067
1068
1072
1093
1094
1095
1096
1097
1098
1099
1100
1101
1102
1103
1104
1105
1106
1107
1109
1110
1111
1112
1113
1114
1115
1117
1118
1119
1120
1121
1122
1123
1124
1125
1126
1127
1129
1130
1131
1132
1133
1134
1135
1136
1137
1139
1140
1141
1142
1143
1144
1145
1146
1147
1149
1150
1151
1152
1153
1154
1155
1156
1157
1158
1160
1161
1162
1163
1164
1166
1167
1168
1169
1170
1171
1172
1173
1174
1175
1176
1177
1178
1179
1180
1181
1182
1183
1184
1185
1186
1187
1188
1189
1190
1192
1193
1194
1195
1196
1197
1198
1199
1200
1202
1203
1204
1205
1206
1207
1208
1209
1211
1212
1213
1214
1215